25
7
20
5
19
14
3
21
22
2
4
17
16
1
15
10
6
13
8
23
11
12
18
9
0
24
7 19
7 3
7 21
7 22
7 4
7 17
7 15
7 10
7 6
7 8
7 23
7 18
7 9
20 5
20 3
20 2
20 17
20 10
20 13
20 8
20 23
20 18
5 19
5 14
5 3
5 16
5 1
5 15
5 6
5 13
5 8
5 18
5 0
5 24
19 3
19 22
19 4
19 17
19 10
19 6
19 13
19 8
19 12
19 18
19 0
14 3
14 21
14 22
14 2
14 1
14 15
14 6
14 13
14 11
14 18
14 9
3 21
3 2
3 4
3 17
3 16
3 6
3 13
3 23
3 9
21 22
21 4
21 17
21 10
21 6
21 13
21 8
21 18
21 9
22 17
22 16
22 10
22 13
22 11
22 18
22 9
22 0
2 4
2 17
2 13
2 8
2 11
2 12
2 9
4 17
4 1
4 6
4 11
4 12
4 18
4 9
4 0
4 24
17 15
17 6
17 23
17 12
16 1
16 6
16 23
1 15
1 10
1 6
1 8
1 12
1 18
1 9
1 0
15 23
15 12
15 18
15 9
15 24
10 13
10 8
10 23
10 11
10 18
10 9
6 23
6 11
6 12
6 18
6 9
13 8
13 23
13 24
8 23
8 11
8 18
8 9
8 0
8 24
23 12
23 9
23 24
11 18
11 9
11 24
12 9
12 0
18 24
