30
20
6
29
24
16
13
22
7
23
14
15
21
4
1
3
12
27
8
5
2
9
26
17
25
0
18
11
19
10
28
20 6
20 29
20 24
20 22
20 23
20 14
20 15
20 21
20 3
20 12
20 27
20 8
20 9
20 26
20 25
20 10
6 13
6 22
6 23
6 14
6 5
6 2
6 9
6 18
29 24
29 13
29 14
29 15
29 21
29 4
29 12
29 8
29 9
29 25
24 16
24 13
24 14
24 15
24 2
24 9
24 26
24 0
24 19
16 13
16 23
16 3
16 12
16 26
16 11
13 14
13 15
13 21
13 3
13 27
13 2
13 9
13 26
13 25
13 19
22 15
22 1
22 8
22 9
22 26
22 0
22 28
7 15
7 25
7 0
7 19
7 10
7 28
23 15
23 4
23 27
23 8
23 9
23 26
23 0
23 18
14 15
14 12
14 27
14 8
14 25
15 4
15 3
15 12
15 17
15 18
15 11
21 5
21 17
21 25
21 0
21 18
21 11
21 19
21 10
21 28
4 3
4 19
1 5
1 0
1 18
1 11
3 12
3 2
3 17
3 25
3 0
3 11
3 10
3 28
12 8
12 26
12 25
12 19
27 5
27 2
27 26
27 0
8 9
8 25
8 11
8 19
8 10
8 28
5 17
5 25
5 11
2 17
2 25
2 11
9 11
9 10
26 25
26 11
26 19
26 10
17 0
17 18
17 11
17 10
25 10
0 18
0 11
0 28
18 10
11 19
