40
14
15
5
21
26
28
4
18
23
37
16
0
8
22
13
36
34
29
25
27
11
20
12
2
38
39
31
30
1
19
33
3
17
6
32
24
7
9
35
10
14 15
14 21
14 18
14 36
14 25
14 7
15 5
15 21
15 26
15 28
15 37
15 16
15 22
15 13
15 34
15 20
15 2
15 38
15 1
15 33
15 17
15 32
15 24
15 9
5 18
5 29
5 31
5 19
5 3
5 24
5 7
5 9
5 35
21 8
21 36
21 29
21 25
21 6
21 7
26 23
26 37
26 0
26 8
26 36
26 34
26 20
26 38
26 6
26 10
28 0
28 22
28 36
28 29
28 25
28 3
28 6
28 32
4 23
4 37
4 16
4 8
4 36
4 29
4 27
4 20
4 39
4 31
4 3
4 32
4 10
18 23
18 8
18 22
18 34
18 2
18 30
18 17
18 24
18 7
18 9
18 35
23 16
23 8
23 22
23 36
23 29
23 27
23 11
23 39
23 1
23 33
23 24
23 7
23 9
23 35
23 10
37 0
37 8
37 22
37 11
37 20
37 12
37 19
37 7
37 10
16 0
16 22
16 36
16 2
16 38
16 30
16 33
16 6
16 24
0 36
0 12
0 31
0 6
0 24
0 7
0 9
8 22
8 25
8 27
8 20
8 1
8 33
22 34
22 29
22 27
22 20
22 39
22 31
22 1
22 9
13 34
13 29
13 25
13 12
13 38
13 30
13 17
13 6
13 32
13 10
36 34
36 27
36 11
36 20
36 12
36 2
36 39
36 30
36 3
36 6
36 32
36 7
36 9
34 29
34 27
34 2
34 39
34 30
34 1
34 35
34 10
29 11
29 20
29 12
29 31
29 30
29 33
29 6
29 32
29 10
25 11
25 39
25 31
25 1
25 32
25 9
25 35
27 11
27 2
27 31
27 1
27 19
27 3
27 17
27 24
27 7
27 10
11 20
11 12
11 2
11 31
11 1
11 3
11 9
11 10
20 12
20 38
20 31
20 6
20 35
12 38
12 39
12 1
12 19
12 3
12 17
12 24
2 31
2 30
2 19
2 32
2 24
2 7
38 32
38 35
38 10
39 31
39 30
39 35
39 10
31 1
31 3
31 17
31 7
31 9
31 35
30 3
30 35
30 10
1 33
1 3
1 17
1 6
1 32
19 33
19 9
33 17
33 6
33 32
33 24
33 7
33 9
33 10
3 17
3 35
17 6
17 32
17 9
17 10
6 24
6 9
32 7
32 35
24 7
24 9
9 10
