40
22
4
35
39
24
32
33
16
37
30
26
38
11
8
34
15
3
19
25
27
10
9
36
29
1
21
18
28
0
7
5
12
2
23
14
13
17
31
6
20
22 4
22 35
22 39
22 32
22 33
22 30
22 26
22 38
22 11
22 34
22 9
22 36
22 1
22 21
22 28
22 0
22 5
22 12
22 2
22 23
22 31
22 6
4 35
4 24
4 32
4 33
4 16
4 37
4 38
4 11
4 34
4 15
4 3
4 25
4 27
4 10
4 29
4 1
4 21
4 28
4 5
4 2
4 23
4 14
4 31
4 6
35 24
35 32
35 30
35 8
35 34
35 15
35 25
35 10
35 29
35 1
35 21
35 18
35 28
35 0
35 7
35 5
35 12
35 23
35 14
35 17
35 31
39 24
39 32
39 33
39 16
39 37
39 30
39 38
39 11
39 8
39 34
39 15
39 19
39 27
39 1
39 18
39 28
39 7
39 5
39 2
39 13
39 31
39 6
39 20
24 32
24 33
24 16
24 30
24 34
24 15
24 27
24 10
24 9
24 28
24 0
24 5
24 2
24 14
24 17
24 31
24 6
32 33
32 16
32 30
32 26
32 11
32 15
32 19
32 25
32 10
32 9
32 28
32 7
32 5
32 12
32 23
32 13
32 6
33 16
33 37
33 30
33 38
33 11
33 19
33 10
33 9
33 29
33 1
33 21
33 28
33 0
33 7
33 5
33 12
33 23
33 14
33 13
33 31
33 6
33 20
16 38
16 11
16 8
16 15
16 19
16 25
16 27
16 10
16 36
16 29
16 1
16 18
16 0
16 7
16 12
16 2
16 14
16 13
16 31
16 6
37 30
37 26
37 11
37 34
37 15
37 25
37 27
37 29
37 1
37 21
37 18
37 28
37 0
37 7
37 23
37 6
37 20
30 26
30 38
30 11
30 8
30 3
30 25
30 27
30 9
30 36
30 1
30 21
30 18
30 28
30 0
30 5
30 12
30 23
30 13
30 6
26 11
26 8
26 34
26 3
26 19
26 25
26 9
26 36
26 29
26 18
26 28
26 0
26 7
26 5
26 12
26 2
26 14
26 13
26 6
26 20
38 34
38 15
38 3
38 25
38 27
38 10
38 36
38 29
38 1
38 21
38 5
38 12
38 13
38 17
38 31
11 8
11 3
11 27
11 10
11 29
11 1
11 21
11 28
11 0
11 7
11 12
11 2
11 23
11 13
8 15
8 25
8 9
8 36
8 29
8 0
8 7
8 5
8 2
8 23
8 13
8 6
34 15
34 3
34 19
34 25
34 10
34 9
34 1
34 21
34 18
34 28
34 0
34 7
34 5
34 12
34 14
34 13
34 31
34 6
15 3
15 19
15 25
15 10
15 9
15 29
15 18
15 0
15 7
15 5
15 12
15 2
15 14
15 13
15 17
15 31
15 6
3 19
3 25
3 27
3 10
3 9
3 29
3 21
3 18
3 28
3 0
3 7
3 5
3 12
3 2
3 23
3 14
3 17
19 27
19 10
19 1
19 21
19 18
19 7
19 12
19 2
19 23
19 13
19 17
19 31
25 27
25 1
25 18
25 28
25 7
25 12
25 2
25 23
25 14
25 6
27 29
27 1
27 0
27 7
27 5
27 12
27 23
27 14
27 17
27 20
10 9
10 29
10 21
10 18
10 28
10 0
10 7
10 5
10 12
10 2
10 31
9 1
9 18
9 0
9 7
9 23
9 14
9 13
9 31
9 20
36 29
36 21
36 18
36 7
36 5
36 13
36 31
36 6
29 21
29 18
29 28
29 7
29 5
29 2
29 14
29 13
29 17
29 31
1 18
1 28
1 0
1 7
1 17
1 31
1 6
1 20
21 18
21 0
21 7
21 12
21 2
21 23
21 13
21 17
18 28
18 7
18 23
18 13
18 6
18 20
28 0
28 7
28 12
28 2
28 14
28 13
28 31
28 20
0 7
0 5
0 12
0 23
0 17
0 31
0 6
0 20
7 5
7 2
7 23
7 14
7 13
7 17
5 12
5 14
5 17
5 6
12 14
12 6
2 23
2 14
2 13
2 31
23 13
23 17
23 20
14 17
14 6
14 20
13 31
13 6
17 31
17 6
17 20
6 20
