60
49
32
47
51
36
15
28
9
21
41
2
59
23
50
8
53
42
37
48
14
58
43
30
57
11
33
12
25
54
40
38
22
7
24
55
18
52
26
3
4
1
19
16
20
10
39
29
27
34
31
56
44
35
0
6
17
5
46
13
45
49 15
49 28
49 21
49 59
49 58
49 43
49 57
49 11
49 33
49 40
49 7
49 4
49 16
49 20
49 34
49 17
49 5
49 45
32 51
32 15
32 21
32 41
32 59
32 50
32 37
32 57
32 11
32 12
32 54
32 24
32 3
32 4
32 19
32 20
32 34
32 31
32 56
32 0
32 6
47 51
47 9
47 41
47 59
47 8
47 53
47 14
47 58
47 43
47 30
47 52
47 1
47 19
47 20
47 39
47 31
47 56
47 44
47 0
47 5
47 46
47 13
51 15
51 28
51 37
51 14
51 33
51 24
51 55
51 52
51 1
51 39
51 29
51 56
51 44
51 35
51 17
51 5
51 46
36 15
36 9
36 21
36 59
36 8
36 53
36 37
36 14
36 30
36 12
36 54
36 40
36 24
36 4
36 1
36 19
36 20
36 39
36 29
36 0
36 17
36 46
15 28
15 9
15 21
15 23
15 8
15 42
15 14
15 25
15 54
15 38
15 55
15 18
15 16
15 35
15 0
15 6
15 17
15 5
28 23
28 53
28 42
28 14
28 43
28 30
28 24
28 26
28 1
28 5
28 13
9 23
9 50
9 8
9 14
9 30
9 33
9 12
9 25
9 54
9 38
9 22
9 24
9 55
9 20
9 10
9 29
9 34
9 31
9 56
9 0
9 17
21 30
21 57
21 25
21 7
21 18
21 52
21 26
21 1
21 16
21 39
21 29
21 31
21 6
21 17
21 5
21 13
41 2
41 42
41 37
41 43
41 25
41 40
41 7
41 18
41 1
41 10
41 56
41 35
41 5
41 46
41 13
2 42
2 37
2 48
2 30
2 57
2 12
2 40
2 18
2 52
2 19
2 16
2 27
2 34
2 44
2 0
2 17
2 5
59 42
59 14
59 57
59 25
59 54
59 55
59 18
59 26
59 3
59 1
59 19
59 29
59 34
59 31
59 44
59 46
59 13
59 45
23 42
23 30
23 33
23 25
23 54
23 4
23 29
23 27
23 34
23 0
23 13
50 8
50 48
50 58
50 57
50 12
50 7
50 24
50 55
50 52
50 26
50 4
50 10
50 39
50 27
50 35
50 6
50 17
50 5
50 46
8 42
8 14
8 30
8 57
8 25
8 54
8 7
8 26
8 4
8 39
8 6
8 17
8 46
8 45
53 42
53 48
53 14
53 57
53 11
53 12
53 40
53 1
53 20
53 10
53 39
53 29
53 27
53 56
53 35
42 37
42 58
42 30
42 57
42 25
42 54
42 22
42 18
42 19
42 10
42 39
42 31
42 17
37 30
37 25
37 40
37 18
37 52
37 4
37 19
37 16
37 56
37 44
37 35
37 5
37 46
37 13
37 45
48 14
48 43
48 57
48 11
48 12
48 25
48 38
48 7
48 24
48 55
48 3
48 39
48 27
48 31
48 56
48 17
48 13
14 58
14 30
14 57
14 33
14 55
14 52
14 3
14 19
14 10
14 27
14 34
14 0
14 6
14 17
14 5
14 46
58 12
58 4
58 1
58 16
58 29
58 44
58 35
58 5
58 46
43 12
43 7
43 55
43 52
43 10
43 39
43 0
43 6
43 45
30 57
30 11
30 33
30 22
30 26
30 3
30 4
30 16
30 10
30 34
30 35
30 17
30 46
57 33
57 12
57 55
57 52
57 3
57 4
57 1
57 19
57 16
57 20
57 29
57 27
57 0
57 6
57 46
11 12
11 18
11 52
11 4
11 19
11 27
11 31
11 5
11 46
11 45
33 12
33 54
33 22
33 7
33 55
33 52
33 26
33 4
33 10
33 44
33 6
33 5
33 46
12 7
12 52
12 26
12 3
12 1
12 10
12 39
12 27
12 35
12 17
12 13
12 45
25 38
25 7
25 24
25 26
25 20
25 31
54 38
54 24
54 16
54 10
54 29
54 27
54 56
54 0
54 46
40 22
40 7
40 24
40 4
40 19
40 16
40 10
40 39
40 34
40 31
40 56
40 44
38 22
38 55
38 18
38 3
38 10
38 39
38 31
38 44
38 6
38 17
38 5
38 45
22 7
22 24
22 55
22 1
22 19
22 16
22 10
22 39
22 31
22 56
22 44
22 17
22 46
22 45
7 55
7 26
7 3
7 4
7 0
7 46
24 3
24 1
24 27
24 34
24 31
24 17
24 45
55 18
55 16
55 20
55 39
55 29
55 34
55 35
55 0
55 17
18 3
18 19
18 16
18 10
18 29
18 31
18 6
18 5
18 46
18 45
52 1
52 31
52 0
52 17
26 19
26 16
26 39
26 34
26 17
3 16
3 20
3 56
3 35
3 17
3 46
3 13
4 19
4 16
4 10
4 31
4 0
4 46
4 13
4 45
1 19
1 20
1 10
1 35
19 16
19 20
19 44
19 35
19 0
19 6
19 13
16 20
16 27
16 44
16 6
16 17
16 13
16 45
20 39
20 34
20 44
20 35
20 17
20 5
20 13
10 34
10 56
10 44
10 5
39 27
39 44
39 17
39 5
39 46
39 45
29 27
29 34
29 44
29 6
29 5
29 13
27 34
27 31
27 56
27 44
27 13
34 5
34 46
34 13
31 5
56 13
44 35
44 17
44 46
44 45
35 6
35 17
35 46
0 6
0 13
6 17
6 45
5 45
46 13
13 45
