70
38
61
12
66
53
36
68
27
32
30
26
5
3
25
8
16
20
47
56
51
7
29
2
1
65
49
15
54
67
17
52
28
0
37
45
41
31
63
48
62
4
60
24
64
40
39
50
11
55
42
19
46
69
43
57
18
34
59
33
58
23
13
44
14
35
21
6
10
22
9
38 27
38 56
38 51
38 2
38 49
38 45
38 62
38 4
38 60
38 40
38 55
38 19
38 58
38 14
38 35
38 9
61 26
61 5
61 25
61 8
61 56
61 15
61 67
61 52
61 28
61 41
61 60
61 24
61 40
61 50
61 46
61 58
61 13
61 44
61 21
12 27
12 32
12 3
12 25
12 47
12 56
12 7
12 29
12 65
12 28
12 0
12 37
12 41
12 31
12 60
12 24
12 40
12 11
12 42
12 46
12 18
12 23
12 35
66 53
66 68
66 27
66 25
66 8
66 51
66 7
66 2
66 1
66 49
66 15
66 54
66 31
66 48
66 62
66 64
66 40
66 50
66 11
66 55
66 43
66 57
66 33
66 13
66 14
66 21
66 6
53 36
53 68
53 30
53 26
53 5
53 8
53 7
53 2
53 1
53 65
53 15
53 54
53 67
53 52
53 37
53 45
53 41
53 48
53 62
53 24
53 39
53 11
53 58
53 13
53 14
53 21
53 6
53 10
53 9
36 26
36 5
36 8
36 20
36 7
36 2
36 1
36 65
36 49
36 54
36 52
36 28
36 37
36 63
36 62
36 40
36 39
36 11
36 42
36 43
36 18
36 59
36 33
36 6
36 10
36 9
68 30
68 26
68 56
68 51
68 7
68 15
68 52
68 0
68 60
68 24
68 64
68 11
68 55
68 46
68 57
68 34
68 59
68 23
68 21
68 6
27 26
27 5
27 25
27 47
27 56
27 1
27 15
27 67
27 28
27 0
27 41
27 63
27 62
27 4
27 24
27 40
27 50
27 11
27 42
27 69
27 43
27 57
27 34
27 59
27 33
27 14
27 35
27 21
27 10
32 5
32 47
32 56
32 29
32 2
32 15
32 0
32 41
32 48
32 60
32 55
32 42
32 34
32 59
32 33
32 23
32 14
32 21
32 6
32 22
30 3
30 8
30 16
30 20
30 51
30 1
30 65
30 15
30 54
30 67
30 28
30 37
30 41
30 4
30 60
30 24
30 40
30 39
30 50
30 18
30 59
30 23
30 44
30 6
26 16
26 2
26 15
26 54
26 67
26 0
26 45
26 62
26 4
26 24
26 39
26 11
26 19
26 34
26 33
26 35
26 6
26 10
26 9
5 16
5 20
5 56
5 49
5 15
5 54
5 52
5 28
5 41
5 31
5 60
5 55
5 19
5 57
5 59
5 33
5 23
5 21
5 10
3 25
3 20
3 49
3 15
3 52
3 28
3 31
3 63
3 62
3 4
3 60
3 64
3 46
3 43
3 18
3 33
3 23
3 13
3 44
3 14
3 6
25 8
25 47
25 56
25 51
25 15
25 17
25 52
25 0
25 37
25 45
25 63
25 48
25 24
25 64
25 39
25 11
25 69
25 57
25 18
25 59
25 33
25 6
25 10
8 20
8 47
8 56
8 51
8 65
8 49
8 67
8 52
8 37
8 45
8 41
8 64
8 39
8 55
8 42
8 69
8 34
8 59
8 44
8 14
8 21
16 47
16 56
16 7
16 54
16 28
16 41
16 31
16 62
16 4
16 24
16 64
16 40
16 50
16 11
16 19
16 43
16 57
16 23
16 13
20 56
20 7
20 49
20 17
20 28
20 0
20 4
20 64
20 40
20 39
20 46
20 69
20 43
20 57
20 58
20 23
20 14
20 35
47 51
47 7
47 65
47 15
47 67
47 17
47 63
47 48
47 62
47 60
47 39
47 11
47 19
47 57
47 44
47 14
47 10
56 1
56 49
56 15
56 54
56 17
56 28
56 0
56 45
56 31
56 48
56 60
56 55
56 42
56 43
56 34
56 23
56 44
56 14
56 6
51 7
51 2
51 1
51 15
51 54
51 37
51 45
51 31
51 63
51 62
51 4
51 11
51 19
51 57
51 18
51 34
51 22
7 65
7 15
7 17
7 0
7 41
7 60
7 24
7 40
7 42
7 6
29 15
29 17
29 52
29 0
29 37
29 31
29 63
29 48
29 62
29 4
29 24
29 64
29 40
29 39
29 42
29 19
29 69
29 18
29 59
29 58
29 13
29 21
29 10
2 67
2 17
2 48
2 62
2 64
2 50
2 11
2 42
2 19
2 46
2 43
2 57
2 58
2 23
2 6
2 10
2 22
1 49
1 67
1 17
1 52
1 28
1 0
1 64
1 40
1 42
1 46
1 69
1 43
1 18
1 34
1 58
1 44
1 35
1 21
1 6
65 15
65 54
65 17
65 0
65 48
65 4
65 55
65 46
65 69
65 34
65 33
65 44
65 6
65 22
65 9
49 67
49 41
49 63
49 48
49 4
49 24
49 64
49 40
49 11
49 55
49 46
49 43
49 13
49 14
49 9
15 67
15 17
15 52
15 45
15 62
15 4
15 60
15 39
15 50
15 46
15 69
15 33
15 44
15 21
15 10
15 22
54 37
54 24
54 64
54 40
54 50
54 55
54 59
54 23
54 21
54 6
54 10
54 22
67 17
67 52
67 28
67 37
67 41
67 48
67 40
67 55
67 42
67 57
67 33
67 44
67 14
17 42
17 19
17 46
17 43
17 57
17 18
17 33
17 23
17 35
17 21
17 6
52 28
52 48
52 62
52 4
52 60
52 42
52 57
52 23
52 44
52 14
52 10
52 22
52 9
28 0
28 41
28 63
28 48
28 4
28 60
28 40
28 11
28 55
28 69
28 23
28 44
28 14
28 35
28 22
0 37
0 31
0 63
0 62
0 60
0 24
0 42
0 43
0 33
0 58
0 13
0 21
0 10
0 9
37 31
37 62
37 64
37 50
37 55
37 42
37 33
37 6
37 10
45 63
45 48
45 62
45 40
45 39
45 50
45 11
45 46
45 43
45 21
45 6
45 22
41 63
41 24
41 42
41 57
41 23
41 13
41 44
41 10
41 9
31 63
31 39
31 11
31 43
31 57
31 34
31 23
31 35
31 21
31 22
63 62
63 60
63 24
63 64
63 40
63 11
63 19
63 43
63 57
63 18
63 59
63 58
63 44
63 21
48 60
48 50
48 42
48 19
48 69
48 43
48 18
48 33
48 10
48 9
62 40
62 55
62 42
62 18
62 59
62 33
62 23
62 13
62 44
4 11
4 55
4 46
4 34
4 23
4 13
4 21
4 10
4 9
60 40
60 55
60 46
60 69
60 59
60 22
24 64
24 40
24 50
24 57
24 59
24 58
24 23
24 14
24 35
24 6
24 9
64 40
64 50
64 19
64 69
64 34
64 33
64 23
64 13
64 44
64 21
64 6
64 22
40 46
40 34
40 59
40 58
40 13
40 44
40 14
40 10
40 9
39 50
39 19
39 46
39 43
39 57
39 18
39 33
39 44
39 35
39 6
39 9
50 46
50 69
50 57
50 34
50 33
50 13
50 44
50 35
50 21
50 10
50 9
11 42
11 69
11 34
11 23
11 13
11 44
11 35
11 21
11 6
11 9
55 42
55 43
55 33
55 58
42 18
42 23
42 14
42 21
42 22
19 46
19 18
19 34
19 58
19 21
19 10
46 18
46 13
46 14
46 35
46 21
46 6
46 10
46 22
69 18
69 34
69 59
69 33
69 23
69 6
69 10
43 58
43 44
43 14
43 6
43 9
57 58
57 13
57 21
57 6
18 34
18 23
18 44
18 10
18 9
34 33
34 23
34 35
34 21
34 22
34 9
59 33
59 9
33 58
33 44
33 21
33 10
58 23
58 44
58 22
23 13
23 35
23 21
23 6
23 10
23 22
13 35
44 21
44 22
14 21
14 6
14 9
35 6
21 22
10 22
